
 ETALL    1, NO =    1, NV =    6, INA =  410
 *********************************************

    I  COEFFICIENT          ORDER   EXPONENTS
     1   0.50910948279641E-11    0     0 0  0 0  0 0
 0.50910948279641E-11
     2  -0.65707542645346        1     1 0  0 0  0 0
-0.65707542645346    
     3    3.4285405400001        1     0 1  0 0  0 0
  3.4285405400001    
     4  -0.11314530322331E-14    1     0 0  1 0  0 0
-0.11314530322331E-14
     5  -0.62224068797275E-26    1     0 0  0 1  0 0
-0.62224068797275E-26
     6  -0.11264201541243E-07    1     0 0  0 0  1 0
-0.11264201541243E-07
     7    1.8400732713601        1     0 0  0 0  0 1
  1.8400732713601    
                                      

 ETALL    2, NO =    1, NV =    6, INA =  411
 *********************************************

    I  COEFFICIENT          ORDER   EXPONENTS
     1   0.42916252658370E-12    0     0 0  0 0  0 0
 0.42916252658370E-12
     2  -0.27650927629238        1     1 0  0 0  0 0
-0.27650927629238    
     3  -0.79103160016416E-01    1     0 1  0 0  0 0
-0.79103160016416E-01
     4  -0.15053282917727E-15    1     0 0  1 0  0 0
-0.15053282917727E-15
     5  -0.56840109868281E-27    1     0 0  0 1  0 0
-0.56840109868281E-27
     6   0.26568999318133E-09    1     0 0  0 0  1 0
 0.26568999318133E-09
     7   0.49423877045181        1     0 0  0 0  0 1
 0.49423877045181    
                                      

 ETALL    3, NO =    1, NV =    6, INA =  412
 *********************************************

    I  COEFFICIENT          ORDER   EXPONENTS
     1  -0.43199799091483E-21    0     0 0  0 0  0 0
-0.43199799091483E-21
     2  -0.56090538253879E-14    1     1 0  0 0  0 0
-0.56090538253879E-14
     3  -0.42776382129089E-25    1     0 1  0 0  0 0
-0.42776382129089E-25
     4    2.6578982825981        1     0 0  1 0  0 0
  2.6578982825981    
     5    36.571459460000        1     0 0  0 1  0 0
  36.571459460000    
     6  -0.12036488227118E-13    1     0 0  0 0  1 0
-0.12036488227118E-13
     7   0.11419802243242E-23    1     0 0  0 0  0 1
 0.11419802243242E-23
                                      

 ETALL    4, NO =    1, NV =    6, INA =  413
 *********************************************

    I  COEFFICIENT          ORDER   EXPONENTS
     1   0.35066619200549E-22    0     0 0  0 0  0 0
 0.35066619200549E-22
     2   0.53813856065959E-15    1     1 0  0 0  0 0
 0.53813856065959E-15
     3   0.40372653864985E-26    1     0 1  0 0  0 0
 0.40372653864985E-26
     4  -0.28234530127114        1     0 0  1 0  0 0
-0.28234530127114    
     5   -3.5087045280164        1     0 0  0 1  0 0
 -3.5087045280164    
     6   0.11547934199917E-14    1     0 0  0 0  1 0
 0.11547934199917E-14
     7  -0.14486818153837E-24    1     0 0  0 0  0 1
-0.14486818153837E-24
                                      

 ETALL    5, NO =    1, NV =    6, INA =  414
 *********************************************

    I  COEFFICIENT          ORDER   EXPONENTS
     1  -0.55250970731065E-07    0     0 0  0 0  0 0
-0.55250970731065E-07
     2  -0.18404517724864        1     1 0  0 0  0 0
-0.18404517724864    
     3   -1.8400732713601        1     0 1  0 0  0 0
 -1.8400732713601    
     4   0.32978085428860E-15    1     0 0  1 0  0 0
 0.32978085428860E-15
     5   0.12931990992391E-23    1     0 0  0 1  0 0
 0.12931990992391E-23
     6    1.0000000060545        1     0 0  0 0  1 0
  1.0000000060545    
     7  -0.14451865747480        1     0 0  0 0  0 1
-0.14451865747480    
                                      

 ETALL    6, NO =    1, NV =    6, INA =  415
 *********************************************

    I  COEFFICIENT          ORDER   EXPONENTS
     1   0.37252903319270E-11    0     0 0  0 0  0 0
 0.37252903319270E-11
     2  -0.44590866408713E-07    1     1 0  0 0  0 0
-0.44590866408713E-07
     3  -0.41291148394508E-06    1     0 1  0 0  0 0
-0.41291148394508E-06
     4  -0.32912237297793E-15    1     0 0  1 0  0 0
-0.32912237297793E-15
     5   0.29019320448505E-30    1     0 0  0 1  0 0
 0.29019320448505E-30
     6   0.22441029270296E-06    1     0 0  0 0  1 0
 0.22441029270296E-06
     7   0.99999996757009        1     0 0  0 0  0 1
 0.99999996757009    
                                      
