0.0000000000e+00
0.0000000000e+00
0.0000000000e+00
0.0000000000e+00
-1.0000000000e+02
0.0000000000e+00
0.0000000000e+00
0.0000000000e+00
0.0000000000e+00
0.0000000000e+00
-9.7979797980e+01
0.0000000000e+00
7.0000000629e+06
7.0000000629e+06
7.0000000629e+06
0.0000000000e+00
0.0000000000e+00
0.0000000000e+00
0.0000000000e+00
-9.5959595960e+01
0.0000000000e+00
0.0000000000e+00
0.0000000000e+00
0.0000000000e+00
0.0000000000e+00
-9.3939393939e+01
0.0000000000e+00
7.0000000629e+06
7.0000000629e+06
7.0000000629e+06
0.0000000000e+00
0.0000000000e+00
0.0000000000e+00
0.0000000000e+00
-9.1919191919e+01
0.0000000000e+00
0.0000000000e+00
0.0000000000e+00
0.0000000000e+00
0.0000000000e+00
-8.9898989899e+01
0.0000000000e+00
7.0000000629e+06
7.0000000629e+06
7.0000000629e+06
0.0000000000e+00
0.0000000000e+00
0.0000000000e+00
0.0000000000e+00
-8.7878787879e+01
0.0000000000e+00
0.0000000000e+00
0.0000000000e+00
0.0000000000e+00
0.0000000000e+00
-8.5858585859e+01
0.0000000000e+00
7.0000000629e+06
7.0000000629e+06
7.0000000629e+06
0.0000000000e+00
0.0000000000e+00
0.0000000000e+00
0.0000000000e+00
-8.3838383838e+01
0.0000000000e+00
0.0000000000e+00
0.0000000000e+00
0.0000000000e+00
0.0000000000e+00
-8.1818181818e+01
0.0000000000e+00
7.0000000629e+06
7.0000000629e+06
7.0000000629e+06
0.0000000000e+00
0.0000000000e+00
0.0000000000e+00
0.0000000000e+00
-7.9797979798e+01
0.0000000000e+00
0.0000000000e+00
0.0000000000e+00
0.0000000000e+00
0.0000000000e+00
-7.7777777778e+01
0.0000000000e+00
7.0000000629e+06
7.0000000629e+06
7.0000000629e+06
0.0000000000e+00
0.0000000000e+00
0.0000000000e+00
0.0000000000e+00
-7.5757575758e+01
0.0000000000e+00
0.0000000000e+00
0.0000000000e+00
0.0000000000e+00
0.0000000000e+00
-7.3737373737e+01
0.0000000000e+00
7.0000000629e+06
7.0000000629e+06
7.0000000629e+06
0.0000000000e+00
0.0000000000e+00
0.0000000000e+00
0.0000000000e+00
-7.1717171717e+01
0.0000000000e+00
0.0000000000e+00
0.0000000000e+00
0.0000000000e+00
0.0000000000e+00
-6.9696969697e+01
0.0000000000e+00
7.0000000629e+06
7.0000000629e+06
7.0000000629e+06
0.0000000000e+00
0.0000000000e+00
0.0000000000e+00
0.0000000000e+00
-6.7676767677e+01
0.0000000000e+00
0.0000000000e+00
0.0000000000e+00
0.0000000000e+00
0.0000000000e+00
-6.5656565657e+01
0.0000000000e+00
7.0000000629e+06
7.0000000629e+06
7.0000000629e+06
0.0000000000e+00
0.0000000000e+00
0.0000000000e+00
0.0000000000e+00
-6.3636363636e+01
0.0000000000e+00
0.0000000000e+00
0.0000000000e+00
0.0000000000e+00
0.0000000000e+00
-6.1616161616e+01
0.0000000000e+00
7.0000000629e+06
7.0000000629e+06
7.0000000629e+06
0.0000000000e+00
0.0000000000e+00
0.0000000000e+00
0.0000000000e+00
-5.9595959596e+01
0.0000000000e+00
0.0000000000e+00
0.0000000000e+00
0.0000000000e+00
0.0000000000e+00
-5.7575757576e+01
0.0000000000e+00
7.0000000629e+06
7.0000000629e+06
7.0000000629e+06
0.0000000000e+00
0.0000000000e+00
0.0000000000e+00
0.0000000000e+00
-5.5555555556e+01
0.0000000000e+00
0.0000000000e+00
0.0000000000e+00
0.0000000000e+00
0.0000000000e+00
-5.3535353535e+01
0.0000000000e+00
7.0000000629e+06
7.0000000629e+06
7.0000000629e+06
0.0000000000e+00
0.0000000000e+00
0.0000000000e+00
0.0000000000e+00
-5.1515151515e+01
0.0000000000e+00
0.0000000000e+00
0.0000000000e+00
0.0000000000e+00
0.0000000000e+00
-4.9494949495e+01
0.0000000000e+00
7.0000000629e+06
7.0000000629e+06
7.0000000629e+06
0.0000000000e+00
0.0000000000e+00
0.0000000000e+00
0.0000000000e+00
-4.7474747475e+01
0.0000000000e+00
0.0000000000e+00
0.0000000000e+00
0.0000000000e+00
0.0000000000e+00
-4.5454545455e+01
0.0000000000e+00
7.0000000629e+06
7.0000000629e+06
7.0000000629e+06
0.0000000000e+00
0.0000000000e+00
0.0000000000e+00
0.0000000000e+00
-4.3434343434e+01
0.0000000000e+00
0.0000000000e+00
0.0000000000e+00
0.0000000000e+00
0.0000000000e+00
-4.1414141414e+01
0.0000000000e+00
7.0000000629e+06
7.0000000629e+06
7.0000000629e+06
0.0000000000e+00
0.0000000000e+00
0.0000000000e+00
0.0000000000e+00
-3.9393939394e+01
0.0000000000e+00
0.0000000000e+00
0.0000000000e+00
0.0000000000e+00
0.0000000000e+00
-3.7373737374e+01
0.0000000000e+00
7.0000000629e+06
7.0000000629e+06
7.0000000629e+06
0.0000000000e+00
0.0000000000e+00
0.0000000000e+00
0.0000000000e+00
-3.5353535354e+01
0.0000000000e+00
0.0000000000e+00
0.0000000000e+00
0.0000000000e+00
0.0000000000e+00
-3.3333333333e+01
0.0000000000e+00
7.0000000629e+06
7.0000000629e+06
7.0000000629e+06
0.0000000000e+00
0.0000000000e+00
0.0000000000e+00
0.0000000000e+00
-3.1313131313e+01
0.0000000000e+00
0.0000000000e+00
0.0000000000e+00
0.0000000000e+00
0.0000000000e+00
-2.9292929293e+01
0.0000000000e+00
7.0000000629e+06
7.0000000629e+06
7.0000000629e+06
0.0000000000e+00
0.0000000000e+00
0.0000000000e+00
0.0000000000e+00
-2.7272727273e+01
0.0000000000e+00
0.0000000000e+00
0.0000000000e+00
0.0000000000e+00
0.0000000000e+00
-2.5252525253e+01
0.0000000000e+00
7.0000000629e+06
7.0000000629e+06
7.0000000629e+06
0.0000000000e+00
0.0000000000e+00
0.0000000000e+00
0.0000000000e+00
-2.3232323232e+01
0.0000000000e+00
0.0000000000e+00
0.0000000000e+00
0.0000000000e+00
0.0000000000e+00
-2.1212121212e+01
0.0000000000e+00
7.0000000629e+06
7.0000000629e+06
7.0000000629e+06
0.0000000000e+00
0.0000000000e+00
0.0000000000e+00
0.0000000000e+00
-1.9191919192e+01
0.0000000000e+00
0.0000000000e+00
0.0000000000e+00
0.0000000000e+00
0.0000000000e+00
-1.7171717172e+01
0.0000000000e+00
7.0000000629e+06
7.0000000629e+06
7.0000000629e+06
0.0000000000e+00
0.0000000000e+00
0.0000000000e+00
0.0000000000e+00
-1.5151515152e+01
0.0000000000e+00
0.0000000000e+00
0.0000000000e+00
0.0000000000e+00
0.0000000000e+00
-1.3131313131e+01
0.0000000000e+00
7.0000000629e+06
7.0000000629e+06
7.0000000629e+06
0.0000000000e+00
0.0000000000e+00
0.0000000000e+00
0.0000000000e+00
-1.1111111111e+01
0.0000000000e+00
0.0000000000e+00
0.0000000000e+00
0.0000000000e+00
0.0000000000e+00
-9.0909090909e+00
0.0000000000e+00
7.0000000629e+06
7.0000000629e+06
7.0000000629e+06
0.0000000000e+00
0.0000000000e+00
0.0000000000e+00
0.0000000000e+00
-7.0707070707e+00
0.0000000000e+00
0.0000000000e+00
0.0000000000e+00
0.0000000000e+00
0.0000000000e+00
-5.0505050505e+00
0.0000000000e+00
7.0000000629e+06
7.0000000629e+06
7.0000000629e+06
0.0000000000e+00
0.0000000000e+00
0.0000000000e+00
0.0000000000e+00
-3.0303030303e+00
0.0000000000e+00
0.0000000000e+00
0.0000000000e+00
0.0000000000e+00
0.0000000000e+00
-1.0101010101e+00
0.0000000000e+00
7.0000000629e+06
7.0000000629e+06
7.0000000629e+06
0.0000000000e+00
0.0000000000e+00
0.0000000000e+00
0.0000000000e+00
1.0101010101e+00
0.0000000000e+00
0.0000000000e+00
0.0000000000e+00
0.0000000000e+00
0.0000000000e+00
3.0303030303e+00
0.0000000000e+00
7.0000000629e+06
7.0000000629e+06
7.0000000629e+06
0.0000000000e+00
0.0000000000e+00
0.0000000000e+00
0.0000000000e+00
5.0505050505e+00
0.0000000000e+00
0.0000000000e+00
0.0000000000e+00
0.0000000000e+00
0.0000000000e+00
7.0707070707e+00
0.0000000000e+00
7.0000000629e+06
7.0000000629e+06
7.0000000629e+06
0.0000000000e+00
0.0000000000e+00
0.0000000000e+00
0.0000000000e+00
9.0909090909e+00
0.0000000000e+00
0.0000000000e+00
0.0000000000e+00
0.0000000000e+00
0.0000000000e+00
1.1111111111e+01
0.0000000000e+00
7.0000000629e+06
7.0000000629e+06
7.0000000629e+06
0.0000000000e+00
0.0000000000e+00
0.0000000000e+00
0.0000000000e+00
1.3131313131e+01
0.0000000000e+00
0.0000000000e+00
0.0000000000e+00
0.0000000000e+00
0.0000000000e+00
1.5151515152e+01
0.0000000000e+00
7.0000000629e+06
7.0000000629e+06
7.0000000629e+06
0.0000000000e+00
0.0000000000e+00
0.0000000000e+00
0.0000000000e+00
1.7171717172e+01
0.0000000000e+00
0.0000000000e+00
0.0000000000e+00
0.0000000000e+00
0.0000000000e+00
1.9191919192e+01
0.0000000000e+00
7.0000000629e+06
7.0000000629e+06
7.0000000629e+06
0.0000000000e+00
0.0000000000e+00
0.0000000000e+00
0.0000000000e+00
2.1212121212e+01
0.0000000000e+00
0.0000000000e+00
0.0000000000e+00
0.0000000000e+00
0.0000000000e+00
2.3232323232e+01
0.0000000000e+00
7.0000000629e+06
7.0000000629e+06
7.0000000629e+06
0.0000000000e+00
0.0000000000e+00
0.0000000000e+00
0.0000000000e+00
2.5252525253e+01
0.0000000000e+00
0.0000000000e+00
0.0000000000e+00
0.0000000000e+00
0.0000000000e+00
2.7272727273e+01
0.0000000000e+00
7.0000000629e+06
7.0000000629e+06
7.0000000629e+06
0.0000000000e+00
0.0000000000e+00
0.0000000000e+00
0.0000000000e+00
2.9292929293e+01
0.0000000000e+00
0.0000000000e+00
0.0000000000e+00
0.0000000000e+00
0.0000000000e+00
3.1313131313e+01
0.0000000000e+00
7.0000000629e+06
7.0000000629e+06
7.0000000629e+06
0.0000000000e+00
0.0000000000e+00
0.0000000000e+00
0.0000000000e+00
3.3333333333e+01
0.0000000000e+00
0.0000000000e+00
0.0000000000e+00
0.0000000000e+00
0.0000000000e+00
3.5353535354e+01
0.0000000000e+00
7.0000000629e+06
7.0000000629e+06
7.0000000629e+06
0.0000000000e+00
0.0000000000e+00
0.0000000000e+00
0.0000000000e+00
3.7373737374e+01
0.0000000000e+00
0.0000000000e+00
0.0000000000e+00
0.0000000000e+00
0.0000000000e+00
3.9393939394e+01
0.0000000000e+00
7.0000000629e+06
7.0000000629e+06
7.0000000629e+06
0.0000000000e+00
0.0000000000e+00
0.0000000000e+00
0.0000000000e+00
4.1414141414e+01
0.0000000000e+00
0.0000000000e+00
0.0000000000e+00
0.0000000000e+00
0.0000000000e+00
4.3434343434e+01
0.0000000000e+00
7.0000000629e+06
7.0000000629e+06
7.0000000629e+06
0.0000000000e+00
0.0000000000e+00
0.0000000000e+00
0.0000000000e+00
4.5454545455e+01
0.0000000000e+00
0.0000000000e+00
0.0000000000e+00
0.0000000000e+00
0.0000000000e+00
4.7474747475e+01
0.0000000000e+00
7.0000000629e+06
7.0000000629e+06
7.0000000629e+06
0.0000000000e+00
0.0000000000e+00
0.0000000000e+00
0.0000000000e+00
4.9494949495e+01
0.0000000000e+00
0.0000000000e+00
0.0000000000e+00
0.0000000000e+00
0.0000000000e+00
5.1515151515e+01
0.0000000000e+00
7.0000000629e+06
7.0000000629e+06
7.0000000629e+06
0.0000000000e+00
0.0000000000e+00
0.0000000000e+00
0.0000000000e+00
5.3535353535e+01
0.0000000000e+00
0.0000000000e+00
0.0000000000e+00
0.0000000000e+00
0.0000000000e+00
5.5555555556e+01
0.0000000000e+00
7.0000000629e+06
7.0000000629e+06
7.0000000629e+06
0.0000000000e+00
0.0000000000e+00
0.0000000000e+00
0.0000000000e+00
5.7575757576e+01
0.0000000000e+00
0.0000000000e+00
0.0000000000e+00
0.0000000000e+00
0.0000000000e+00
5.9595959596e+01
0.0000000000e+00
7.0000000629e+06
7.0000000629e+06
7.0000000629e+06
0.0000000000e+00
0.0000000000e+00
0.0000000000e+00
0.0000000000e+00
6.1616161616e+01
0.0000000000e+00
0.0000000000e+00
0.0000000000e+00
0.0000000000e+00
0.0000000000e+00
6.3636363636e+01
0.0000000000e+00
7.0000000629e+06
7.0000000629e+06
7.0000000629e+06
0.0000000000e+00
0.0000000000e+00
0.0000000000e+00
0.0000000000e+00
6.5656565657e+01
0.0000000000e+00
0.0000000000e+00
0.0000000000e+00
0.0000000000e+00
0.0000000000e+00
6.7676767677e+01
0.0000000000e+00
7.0000000629e+06
7.0000000629e+06
7.0000000629e+06
0.0000000000e+00
0.0000000000e+00
0.0000000000e+00
0.0000000000e+00
6.9696969697e+01
0.0000000000e+00
0.0000000000e+00
0.0000000000e+00
0.0000000000e+00
0.0000000000e+00
7.1717171717e+01
0.0000000000e+00
7.0000000629e+06
7.0000000629e+06
7.0000000629e+06
0.0000000000e+00
0.0000000000e+00
0.0000000000e+00
0.0000000000e+00
7.3737373737e+01
0.0000000000e+00
0.0000000000e+00
0.0000000000e+00
0.0000000000e+00
0.0000000000e+00
7.5757575758e+01
0.0000000000e+00
7.0000000629e+06
7.0000000629e+06
7.0000000629e+06
0.0000000000e+00
0.0000000000e+00
0.0000000000e+00
0.0000000000e+00
7.7777777778e+01
0.0000000000e+00
0.0000000000e+00
0.0000000000e+00
0.0000000000e+00
0.0000000000e+00
7.9797979798e+01
0.0000000000e+00
7.0000000629e+06
7.0000000629e+06
7.0000000629e+06
0.0000000000e+00
0.0000000000e+00
0.0000000000e+00
0.0000000000e+00
8.1818181818e+01
0.0000000000e+00
0.0000000000e+00
0.0000000000e+00
0.0000000000e+00
0.0000000000e+00
8.3838383838e+01
0.0000000000e+00
7.0000000629e+06
7.0000000629e+06
7.0000000629e+06
0.0000000000e+00
0.0000000000e+00
0.0000000000e+00
0.0000000000e+00
8.5858585859e+01
0.0000000000e+00
0.0000000000e+00
0.0000000000e+00
0.0000000000e+00
0.0000000000e+00
8.7878787879e+01
0.0000000000e+00
7.0000000629e+06
7.0000000629e+06
7.0000000629e+06
0.0000000000e+00
0.0000000000e+00
0.0000000000e+00
0.0000000000e+00
8.9898989899e+01
0.0000000000e+00
0.0000000000e+00
0.0000000000e+00
0.0000000000e+00
0.0000000000e+00
9.1919191919e+01
0.0000000000e+00
7.0000000629e+06
7.0000000629e+06
7.0000000629e+06
0.0000000000e+00
0.0000000000e+00
0.0000000000e+00
0.0000000000e+00
9.3939393939e+01
0.0000000000e+00
0.0000000000e+00
0.0000000000e+00
0.0000000000e+00
0.0000000000e+00
9.5959595960e+01
0.0000000000e+00
7.0000000629e+06
7.0000000629e+06
7.0000000629e+06
0.0000000000e+00
0.0000000000e+00
0.0000000000e+00
0.0000000000e+00
9.7979797980e+01
0.0000000000e+00
0.0000000000e+00
0.0000000000e+00
0.0000000000e+00
0.0000000000e+00
1.0000000000e+02
0.0000000000e+00
7.0000000629e+06
7.0000000629e+06
7.0000000629e+06
